0,398
0,397
0,396
0,395
0,394
71,9
71,8
85,36
0,393
0,392
0,384
0,315
0,313
0,312
0,311
0,310
0,308
0,280
0,511
0,510
0,509
0,508
0,507
0,506
0,505
0,504
0,405
0,503
0,407
0,502
0,501
0,321
0,320
0,500
0,499
0,480
0,479
0,449
14,10
104,5
104,4
104,3
104,2
104,1
104,0
67,10
67,9
103,4
103,3
103,2
103,1
103,0
102,9
102,8
102,7
102,6
102,5
102,4
102,3
102,2
102,1
102,0
14,9
101,5
101,4
101,3
101,2
101,1
101,0
100,4
100,3
100,2
100,1
100,0
14,8
99,4
99,3
99,2
99,1
99,0
98,5
98,4
98,3
98,2
98,1
98,0
97,4
97,3
97,2
97,1
97,0
96,3
96,2
96,1
96,0
95,5
95,4
95,3
95,2
95,1
95,0
94,3
94,2
94,1
94,0
93,5
93,4
93,3
93,2
93,1
93,0
92,7
92,6
92,5
92,4
92,3
92,2
92,1
92,0
14,7
91,5
91,4
91,3
91,2
91,1
91,0
90,4
90,3
90,2
90,1
90,0
89,7
89,6
89,5
89,4
89,3
89,2
0,319
89,1
89,0
88,4
88,3
88,2
88,1
88,0
87,5
87,4
87,3
87,2
87,1
87,0
86,4
86,3
86,2
86,1
86,0
85,35
3,2
3,1
3,3
10,2
10,1
10,3
11,2
11,1
11,3
9,2
9,1
9,3
8,2
8,1
8,3
